[Cost Summary]
Energy: 4.81498e+11
Latency: 218885952
Cost Function: 1.05393e+20

[Detailed Cost]
ubuf_energy: 3.67213e+10
buf_energy: 1.87738e+11
bus_energy: 0
mac_energy: 8.27273e+10
noc_energy: 9.53074e+10
DRAM_energy: 7.90042e+10
NoC & DRAM latency bound: 20574016
