[Cost Summary]
Energy: 4.8074e+11
Latency: 218361664
Cost Function: 1.04975e+20

[Detailed Cost]
ubuf_energy: 3.67213e+10
buf_energy: 1.87738e+11
bus_energy: 0
mac_energy: 8.27274e+10
noc_energy: 9.55556e+10
DRAM_energy: 7.79976e+10
NoC & DRAM latency bound: 20311872
