[Cost Summary]
Energy: 7.5668e+11
Latency: 284503872
Cost Function: 2.15278e+20

[Detailed Cost]
ubuf_energy: 2.54611e+10
buf_energy: 1.86512e+11
bus_energy: 0
mac_energy: 9.64892e+10
noc_energy: 1.86007e+11
DRAM_energy: 2.62211e+11
NoC & DRAM latency bound: 68284224
